tree
version=v4
num_class=1
num_tree_per_iteration=1
label_index=0
max_feature_idx=7
objective=regression
feature_names=distance_m is_dirt jyo_cd escape_count front_ratio closer_ratio style_balance track_cond
feature_infos=[1000:3600] none [1:10] none none none none none
tree_sizes=2566 2681 2677 2685 2684 2775 2783 2776 2776 2781 2691 2689 2691 2700

Tree=0
num_leaves=30
num_cat=0
split_feature=0 0 0 2 2 2 0 0 0 2 2 2 2 2 0 2 2 2 0 2 0 2 0 0 2 2 2 2 0
split_gain=46500.5 56718.8 17770.8 6636.77 5886.14 5512.41 2841.59 3110.63 24821.9 2370.58 2294.14 1575.74 1436.97 1747.65 1383.17 1125.93 310.19 294.912 244.775 151.045 119.131 86.3204 81.2844 15.3393 8.3307 6.07998 14.0973 0.696171 0.550577
threshold=1650.0000000000002 1750.0000000000002 1850.0000000000002 6.5000000000000009 8.5000000000000018 6.5000000000000009 1075.0000000000002 1350.0000000000002 1250.0000000000002 7.5000000000000009 1.5000000000000002 2.5000000000000004 7.5000000000000009 8.5000000000000018 1175.0000000000002 9.5000000000000018 5.5000000000000009 1.5000000000000002 1350.0000000000002 8.5000000000000018 2050.0000000000005 2.5000000000000004 1500.0000000000002 2250.0000000000005 5.5000000000000009 7.5000000000000009 8.5000000000000018 7.5000000000000009 1175.0000000000002
decision_type=2 2 2 2 2 2 2 2 2 2 2 2 2 2 2 2 2 2 2 2 2 2 2 2 2 2 2 2 2
left_child=5 10 3 16 9 6 17 8 14 20 -2 -12 -5 -14 -8 -13 -3 -1 19 27 -4 -22 -9 -23 -16 -20 -27 -7 -21
right_child=1 2 4 12 -6 18 7 22 -10 -11 11 15 13 -15 24 -17 -18 -19 25 28 21 23 -24 -25 -26 26 -28 -29 -30
leaf_value=42.572479089651814 43.242825448854077 42.602885261007742 43.231072342107176 42.975687677273463 42.711136645723499 42.59171545562576 42.917261283564933 42.697239193383318 43.831532104406534 43.480983099669992 43.66236545279898 43.337840131584095 42.748490839891161 42.912101482392075 42.700794021715033 43.523504503523505 42.678085596187906 42.39659623453678 42.602297887159132 42.529377654533477 43.282592733955397 43.147001807626211 42.661183638230405 43.110506481005288 42.71496545093003 42.623079742321238 42.604256984874077 42.586384450166136 42.534491305678017
leaf_weight=44 125 202 58 225 59 100 96 297 57 85 98 158 331 322 140 169 427 52 148 82 10.999999999999998 110 330 39 400 210 189 158 147
leaf_count=44 125 202 58 225 59 100 96 297 57 85 98 158 331 322 140 169 427 52 148 82 11 110 330 39 400 210 189 158 147
internal_value=42.8293 42.9848 42.8535 42.7779 43.168 42.6758 42.7399 42.759 42.832 43.257 43.4311 43.4865 42.8667 42.8292 42.7424 43.4338 42.6539 42.4772 42.588 42.5622 43.1697 43.1474 42.6783 43.1374 42.7113 42.611 42.6142 42.5885 42.5327
internal_weight=4869 2419 1869 1507 362 2450 1416 1320 693 303 550 425 878 653 636 327 629 96 1034 487 218 160 627 149 540 547 399 258 229
internal_count=4869 2419 1869 1507 362 2450 1416 1320 693 303 550 425 878 653 636 327 629 96 1034 487 218 160 627 149 540 547 399 258 229
is_linear=0
shrinkage=1


Tree=1
num_leaves=30
num_cat=0
split_feature=0 0 0 2 2 2 0 0 0 2 2 2 2 2 0 2 2 2 0 2 0 2 0 0 2 2 2 2 0
split_gain=41966.7 51188.7 16038.2 5989.69 5312.25 4974.95 2564.53 2807.34 22401.8 2139.45 2070.46 1422.11 1296.87 1577.25 1248.31 1016.16 279.947 266.158 220.909 136.318 107.516 77.9042 73.3592 13.8437 7.51846 5.48719 12.7228 0.628294 0.496895
threshold=1650.0000000000002 1750.0000000000002 1850.0000000000002 6.5000000000000009 8.5000000000000018 6.5000000000000009 1075.0000000000002 1350.0000000000002 1250.0000000000002 7.5000000000000009 1.5000000000000002 2.5000000000000004 7.5000000000000009 8.5000000000000018 1175.0000000000002 9.5000000000000018 5.5000000000000009 1.5000000000000002 1350.0000000000002 8.5000000000000018 2050.0000000000005 2.5000000000000004 1500.0000000000002 2250.0000000000005 5.5000000000000009 7.5000000000000009 8.5000000000000018 7.5000000000000009 1175.0000000000002
decision_type=2 2 2 2 2 2 2 2 2 2 2 2 2 2 2 2 2 2 2 2 2 2 2 2 2 2 2 2 2
left_child=5 10 3 16 9 6 17 8 14 20 -2 -12 -5 -14 -8 -13 -3 -1 19 27 -4 -22 -9 -23 -16 -20 -27 -7 -21
right_child=1 2 4 12 -6 18 7 22 -10 -11 11 15 13 -15 24 -17 -18 -19 25 28 21 23 -24 -25 -26 26 -28 -29 -30
leaf_value=-0.24101032667835667 0.39581872737407686 -0.21212447141055113 0.38465327602522126 0.14203783910142051 -0.10928564107645367 -0.22273577290773391 0.086532769786814845 -0.12248822048307249 0.95509008190088096 0.62206848663442282 0.79438174717432386 0.48608266670445482 -0.073799167929099047 0.081630944924990179 -0.11911113480579974 0.66246382229294654 -0.14068413769752139 -0.40809904566177962 -0.21268246882167219 -0.28195667732052687 0.43359763446179306 0.30478626215830446 -0.15674100573880204 0.27011570585652805 -0.10564827318815516 -0.19293969541255918 -0.21082132118088859 -0.22780022726783269 -0.27709871271156333
leaf_weight=44 125 202 58 225 59 100 96 297 57 85 98 158 331 322 140 169 427 52 148 82 10.999999999999998 110 330 39 400 210 189 158 147
leaf_count=44 125 202 58 225 59 100 96 297 57 85 98 158 331 322 140 169 427 52 148 82 11 110 330 39 400 210 189 158 147
internal_value=0.00297212 0.150702 0.0259301 -0.0458561 0.324775 -0.142888 -0.0820033 -0.0638569 0.00550132 0.409295 0.574699 0.62731 0.038515 0.00284478 -0.0796033 0.57724 -0.163627 -0.331517 -0.226266 -0.25076 0.326332 0.305191 -0.140516 0.295711 -0.109139 -0.20446 -0.20141 -0.225837 -0.278838
internal_weight=4869 2419 1869 1507 362 2450 1416 1320 693 303 550 425 878 653 636 327 629 96 1034 487 218 160 627 149 540 547 399 258 229
internal_count=4869 2419 1869 1507 362 2450 1416 1320 693 303 550 425 878 653 636 327 629 96 1034 487 218 160 627 149 540 547 399 258 229
is_linear=0
shrinkage=0.05


Tree=2
num_leaves=30
num_cat=0
split_feature=0 0 0 2 2 2 0 0 0 2 2 2 2 2 0 2 2 2 0 2 0 2 0 0 2 2 2 2 0
split_gain=37874.9 46197.8 14474.5 5405.69 4794.3 4489.89 2314.49 2533.63 20217.6 1930.85 1868.59 1283.45 1170.42 1423.47 1126.6 917.081 252.652 240.207 199.371 123.027 97.033 70.3085 66.2066 12.494 6.78541 4.95218 11.4823 0.567034 0.448448
threshold=1650.0000000000002 1750.0000000000002 1850.0000000000002 6.5000000000000009 8.5000000000000018 6.5000000000000009 1075.0000000000002 1350.0000000000002 1250.0000000000002 7.5000000000000009 1.5000000000000002 2.5000000000000004 7.5000000000000009 8.5000000000000018 1175.0000000000002 9.5000000000000018 5.5000000000000009 1.5000000000000002 1350.0000000000002 8.5000000000000018 2050.0000000000005 2.5000000000000004 1500.0000000000002 2250.0000000000005 5.5000000000000009 7.5000000000000009 8.5000000000000018 7.5000000000000009 1175.0000000000002
decision_type=2 2 2 2 2 2 2 2 2 2 2 2 2 2 2 2 2 2 2 2 2 2 2 2 2 2 2 2 2
left_child=5 10 3 16 9 6 17 8 14 20 -2 -12 -5 -14 -8 -13 -3 -1 19 27 -4 -22 -9 -23 -16 -20 -27 -7 -21
right_child=1 2 4 12 -6 18 7 22 -10 -11 11 15 13 -15 24 -17 -18 -19 25 28 21 23 -24 -25 -26 26 -28 -29 -30
leaf_value=-0.22895980023524981 0.37602778951972726 -0.20151823075870881 0.36542061027781719 0.13493595050316717 -0.10382136456289535 -0.21159898875188082 0.082206131555843373 -0.11636381203195814 0.90733557678105548 0.5909650748091585 0.75466263890456498 0.46177854340382019 -0.070109198673479145 0.077549401922614225 -0.11315557448459523 0.62934064805154977 -0.13364993143713308 -0.38769407621943036 -0.20204834398511495 -0.26785885531727865 0.41191775514320894 0.28954695436087524 -0.14890394432082152 0.2566099116053337 -0.10036586022772827 -0.183292714633225 -0.20028025862297644 -0.21641021455767789 -0.26324378795364278
leaf_weight=44 125 202 58 225 59 100 96 297 57 85 98 158 331 322 140 169 427 52 148 82 10.999999999999998 110 330 39 400 210 189 158 147
leaf_count=44 125 202 58 225 59 100 96 297 57 85 98 158 331 322 140 169 427 52 148 82 11 110 330 39 400 210 189 158 147
internal_value=0.00282352 0.143167 0.0246336 -0.0435633 0.308536 -0.135744 -0.0779032 -0.0606641 0.00522625 0.38883 0.545964 0.595945 0.0365892 0.00270255 -0.0756232 0.548378 -0.155445 -0.314941 -0.214953 -0.238222 0.310016 0.289932 -0.13349 0.280926 -0.103682 -0.194237 -0.191339 -0.214545 -0.264896
internal_weight=4869 2419 1869 1507 362 2450 1416 1320 693 303 550 425 878 653 636 327 629 96 1034 487 218 160 627 149 540 547 399 258 229
internal_count=4869 2419 1869 1507 362 2450 1416 1320 693 303 550 425 878 653 636 327 629 96 1034 487 218 160 627 149 540 547 399 258 229
is_linear=0
shrinkage=0.05


Tree=3
num_leaves=30
num_cat=0
split_feature=0 0 0 2 2 2 0 0 0 2 2 2 2 2 0 2 2 2 0 2 0 2 0 0 2 2 2 2 0
split_gain=34182.1 41693.5 13063.2 4878.64 4326.86 4052.13 2088.83 2286.6 18246.4 1742.59 1686.4 1158.31 1056.31 1284.68 1016.76 827.666 228.018 216.787 179.932 111.032 87.5723 63.4534 59.7515 11.2758 6.12383 4.46934 10.3628 0.511748 0.404726
threshold=1650.0000000000002 1750.0000000000002 1850.0000000000002 6.5000000000000009 8.5000000000000018 6.5000000000000009 1075.0000000000002 1350.0000000000002 1250.0000000000002 7.5000000000000009 1.5000000000000002 2.5000000000000004 7.5000000000000009 8.5000000000000018 1175.0000000000002 9.5000000000000018 5.5000000000000009 1.5000000000000002 1350.0000000000002 8.5000000000000018 2050.0000000000005 2.5000000000000004 1500.0000000000002 2250.0000000000005 5.5000000000000009 7.5000000000000009 8.5000000000000018 7.5000000000000009 1175.0000000000002
decision_type=2 2 2 2 2 2 2 2 2 2 2 2 2 2 2 2 2 2 2 2 2 2 2 2 2 2 2 2 2
left_child=5 10 3 16 9 6 17 8 14 20 -2 -12 -5 -14 -8 -13 -3 -1 19 27 -4 -22 -9 -23 -16 -20 -27 -7 -21
right_child=1 2 4 12 -6 18 7 22 -10 -11 11 15 13 -15 24 -17 -18 -19 25 28 21 23 -24 -25 -26 26 -28 -29 -30
leaf_value=-0.21751180873675779 0.35722640042901044 -0.19144233101886687 0.34714957729046203 0.12818914704852633 -0.098630293142997622 -0.20101904045790434 0.078095824903478703 -0.11054563020616269 0.86196877540726424 0.56141682012992744 0.71692950436655356 0.43868960923739247 -0.066603738668070844 0.073671942572138327 -0.10749779461883009 0.59787361158482388 -0.12696743447887568 -0.36830938914074351 -0.19194591849148779 -0.25446591588055217 0.39132186079567133 0.27506960774517875 -0.14145875688755152 0.24377942096250946 -0.095347567160148181 -0.17412807817970005 -0.19026623771860998 -0.20558970638586183 -0.25008158980786399
leaf_weight=44 125 202 58 225 59 100 96 297 57 85 98 158 331 322 140 169 427 52 148 82 10.999999999999998 110 330 39 400 210 189 158 147
leaf_count=44 125 202 58 225 59 100 96 297 57 85 98 158 331 322 140 169 427 52 148 82 11 110 330 39 400 210 189 158 147
internal_value=0.00268234 0.136008 0.0234019 -0.0413851 0.293109 -0.128957 -0.074008 -0.0576309 0.00496494 0.369388 0.518665 0.566148 0.0347598 0.00256742 -0.071842 0.520959 -0.147673 -0.299194 -0.204206 -0.226311 0.294515 0.275435 -0.126816 0.26688 -0.0984976 -0.184525 -0.181772 -0.203818 -0.251652
internal_weight=4869 2419 1869 1507 362 2450 1416 1320 693 303 550 425 878 653 636 327 629 96 1034 487 218 160 627 149 540 547 399 258 229
internal_count=4869 2419 1869 1507 362 2450 1416 1320 693 303 550 425 878 653 636 327 629 96 1034 487 218 160 627 149 540 547 399 258 229
is_linear=0
shrinkage=0.05


Tree=4
num_leaves=30
num_cat=0
split_feature=0 0 0 2 2 2 0 0 0 2 2 2 2 2 0 2 2 2 0 2 0 2 0 0 2 2 2 2 0
split_gain=30849.4 37628.4 11789.5 4402.97 3904.99 3657.04 1885.17 2063.66 16467.3 1572.69 1521.98 1045.38 953.318 1159.42 917.623 746.968 205.787 195.65 162.389 100.206 79.034 57.2667 53.9258 10.1764 5.52676 4.03358 9.35241 0.461855 0.365261
threshold=1650.0000000000002 1750.0000000000002 1850.0000000000002 6.5000000000000009 8.5000000000000018 6.5000000000000009 1075.0000000000002 1350.0000000000002 1250.0000000000002 7.5000000000000009 1.5000000000000002 2.5000000000000004 7.5000000000000009 8.5000000000000018 1175.0000000000002 9.5000000000000018 5.5000000000000009 1.5000000000000002 1350.0000000000002 8.5000000000000018 2050.0000000000005 2.5000000000000004 1500.0000000000002 2250.0000000000005 5.5000000000000009 7.5000000000000009 8.5000000000000018 7.5000000000000009 1175.0000000000002
decision_type=2 2 2 2 2 2 2 2 2 2 2 2 2 2 2 2 2 2 2 2 2 2 2 2 2 2 2 2 2
left_child=5 10 3 16 9 6 17 8 14 20 -2 -12 -5 -14 -8 -13 -3 -1 19 27 -4 -22 -9 -23 -16 -20 -27 -7 -21
right_child=1 2 4 12 -6 18 7 22 -10 -11 11 15 13 -15 24 -17 -18 -19 25 28 21 23 -24 -25 -26 26 -28 -29 -30
leaf_value=-0.20663623240861029 0.33936507387235765 -0.18187021076008403 0.32979210037095796 0.12177969258361393 -0.093698778748512276 -0.1909680883344263 0.074191032613938057 -0.10501833848579965 0.81887033364751882 0.53334597906864745 0.68108304098856698 0.41675513757369187 -0.063273563082372128 0.069988326945845378 -0.1021229053741055 0.56797992970640132 -0.12061906893861936 -0.34989391550636639 -0.18234862202048505 -0.24174260366253739 0.37175576768138191 0.26131612084128641 -0.13438582332522581 0.23159044124663641 -0.090580186212901037 -0.16542168093046972 -0.18075293400275605 -0.19531022921628968 -0.23757752212537389
leaf_weight=44 125 202 58 225 59 100 96 297 57 85 98 158 331 322 140 169 427 52 148 82 10.999999999999998 110 330 39 400 210 189 158 147
leaf_count=44 125 202 58 225 59 100 96 297 57 85 98 158 331 322 140 169 427 52 148 82 11 110 330 39 400 210 189 158 147
internal_value=0.00254822 0.129208 0.0222318 -0.0393159 0.278454 -0.122509 -0.0703076 -0.0547493 0.00471669 0.350919 0.492732 0.53784 0.0330218 0.00243904 -0.0682499 0.494911 -0.14029 -0.284234 -0.193995 -0.214995 0.279789 0.261663 -0.120475 0.253536 -0.0935727 -0.175299 -0.172684 -0.193627 -0.239069
internal_weight=4869 2419 1869 1507 362 2450 1416 1320 693 303 550 425 878 653 636 327 629 96 1034 487 218 160 627 149 540 547 399 258 229
internal_count=4869 2419 1869 1507 362 2450 1416 1320 693 303 550 425 878 653 636 327 629 96 1034 487 218 160 627 149 540 547 399 258 229
is_linear=0
shrinkage=0.05


Tree=5
num_leaves=31
num_cat=0
split_feature=0 0 0 2 2 2 0 0 2 2 0 0 2 2 0 0 0 2 2 0 2 0 2 2 2 2 2 2 0 2
split_gain=25840.9 37609 13316.3 3459.57 3311.19 2475.42 2296.23 21623.5 2164.54 1653.56 1651.83 716.348 488.371 792.728 450.351 467.888 228.478 187.531 446.678 173.776 170.37 169.625 115.682 95.6953 84.3692 66.059 22.5036 9.73368 3.74679 1.33341
threshold=1650.0000000000002 1750.0000000000002 1850.0000000000002 6.5000000000000009 8.5000000000000018 6.5000000000000009 1350.0000000000002 1250.0000000000002 1.5000000000000002 7.5000000000000009 1075.0000000000002 1175.0000000000002 2.5000000000000004 9.5000000000000018 2450.0000000000005 2250.0000000000005 1350.0000000000002 8.5000000000000018 7.5000000000000009 1500.0000000000002 5.5000000000000009 2050.0000000000005 2.5000000000000004 8.5000000000000018 7.5000000000000009 1.5000000000000002 7.5000000000000009 8.5000000000000018 1175.0000000000002 5.5000000000000009
decision_type=2 2 2 2 2 2 2 2 2 2 2 2 2 2 2 2 2 2 2 2 2 2 2 2 2 2 2 2 2 2
left_child=5 8 3 20 9 6 7 10 -2 14 25 -12 -10 -14 15 21 23 18 -5 -8 -3 -4 -17 26 -18 -1 -7 -26 -25 -13
right_child=1 2 4 17 -6 16 19 -9 12 -11 11 29 13 -15 -16 22 24 -19 -20 -21 -22 -23 -24 28 27 -27 -28 -29 -30 -31
leaf_value=-0.25558471312889686 0.29132658586412025 -0.18704650025887817 0.35234559908509255 0.042515542516611285 -0.075543646257499167 -0.1619461529742123 -0.11706896042753859 0.81506295874321344 0.6242227735263961 0.51672768066740704 0.052728500144974315 -0.09030834638118132 0.41536308111278875 0.56929382831274467 0.57573351778767323 0.23998616825450553 -0.12048880218143959 0.036486217855941507 -0.049170680244539952 -0.17059664987361256 -0.13160454740239033 0.24848237743503168 0.052026142273098236 -0.21579104274898381 -0.15775293599702975 -0.3431924769965311 -0.19182126844922703 -0.17358021952182134 -0.22940610957388974 -0.095918015234529433
leaf_weight=39 127 204 60 221 58 102 277 71 98 90 98 146 157 179 10.999999999999998 10.999999999999998 143 300 333 335 432 114 32 77 201 48 165 188 147 386
leaf_count=39 127 204 60 221 58 102 277 71 98 90 98 146 157 179 11 11 143 300 333 335 432 114 32 77 201 48 165 188 147 386
internal_value=-0.0014012 0.113916 0.00599504 -0.0611025 0.271887 -0.116909 -0.0737082 -0.0172761 0.472884 0.335255 -0.0996974 -0.0714952 0.526013 0.497368 0.263621 0.247799 -0.17603 0.00464633 -0.0125955 -0.146369 -0.149388 0.284297 0.100109 -0.200627 -0.15333 -0.30392 -0.180408 -0.165402 -0.224726 -0.0943785
internal_weight=4850 2427 1866 1490 376 2423 1400 788 561 318 717 630 434 336 228 217 1023 854 554 612 636 174 43 491 532 87 267 389 224 532
internal_count=4850 2427 1866 1490 376 2423 1400 788 561 318 717 630 434 336 228 217 1023 854 554 612 636 174 43 491 532 87 267 389 224 532
is_linear=0
shrinkage=0.05


Tree=6
num_leaves=31
num_cat=0
split_feature=0 0 0 2 2 2 0 0 2 2 0 0 2 2 0 0 0 2 2 0 2 0 2 2 2 2 2 2 0 2
split_gain=23321.4 33942.1 12017.9 3122.27 2988.35 2234.06 2072.35 19515.2 1953.49 1492.33 1490.78 646.504 440.755 715.437 406.442 422.269 206.201 169.247 403.127 156.833 153.759 153.087 104.403 86.3651 76.1432 59.6183 20.3095 8.78464 3.38148 1.2034
threshold=1650.0000000000002 1750.0000000000002 1850.0000000000002 6.5000000000000009 8.5000000000000018 6.5000000000000009 1350.0000000000002 1250.0000000000002 1.5000000000000002 7.5000000000000009 1075.0000000000002 1175.0000000000002 2.5000000000000004 9.5000000000000018 2450.0000000000005 2250.0000000000005 1350.0000000000002 8.5000000000000018 7.5000000000000009 1500.0000000000002 5.5000000000000009 2050.0000000000005 2.5000000000000004 8.5000000000000018 7.5000000000000009 1.5000000000000002 7.5000000000000009 8.5000000000000018 1175.0000000000002 5.5000000000000009
decision_type=2 2 2 2 2 2 2 2 2 2 2 2 2 2 2 2 2 2 2 2 2 2 2 2 2 2 2 2 2 2
left_child=5 8 3 20 9 6 7 10 -2 14 25 -12 -10 -14 15 21 23 18 -5 -8 -3 -4 -17 26 -18 -1 -7 -26 -25 -13
right_child=1 2 4 17 -6 16 19 -9 12 -11 11 29 13 -15 -16 22 24 -19 -20 -21 -22 -23 -24 28 27 -27 -28 -29 -30 -31
leaf_value=-0.24280547728905311 0.27676025688232059 -0.17769417330513107 0.33472832121575874 0.040389767229321048 -0.071766467027944231 -0.15384883614960035 -0.11121550701585488 0.77430981533392007 0.59301163529102907 0.49089129901594586 0.050092073705769624 -0.085792925504788967 0.39459492505000088 0.54082913445360836 0.54694685448299762 0.22798685604198413 -0.11446436155405078 0.034661910163238649 -0.046712160435457672 -0.16206681921119009 -0.12502433104177557 0.23605826035338012 0.049424835271202033 -0.20500150264857653 -0.14986529350280761 -0.32603287637854617 -0.18223021861052877 -0.16490120915200643 -0.21793581669529283 -0.091122118394262125
leaf_weight=39 127 204 60 221 58 102 277 71 98 90 98 146 157 179 10.999999999999998 10.999999999999998 143 300 333 335 432 114 32 77 201 48 165 188 147 386
leaf_count=39 127 204 60 221 58 102 277 71 98 90 98 146 157 179 11 11 143 300 333 335 432 114 32 77 201 48 165 188 147 386
internal_value=-0.00133114 0.10822 0.00569529 -0.0580474 0.258292 -0.111064 -0.0700228 -0.0164123 0.44924 0.318492 -0.0947125 -0.0679204 0.499712 0.472499 0.25044 0.235409 -0.167229 0.00441401 -0.0119657 -0.139051 -0.141918 0.270082 0.0951035 -0.190595 -0.145663 -0.288724 -0.171388 -0.157132 -0.21349 -0.0896596
internal_weight=4850 2427 1866 1490 376 2423 1400 788 561 318 717 630 434 336 228 217 1023 854 554 612 636 174 43 491 532 87 267 389 224 532
internal_count=4850 2427 1866 1490 376 2423 1400 788 561 318 717 630 434 336 228 217 1023 854 554 612 636 174 43 491 532 87 267 389 224 532
is_linear=0
shrinkage=0.05


Tree=7
num_leaves=31
num_cat=0
split_feature=0 0 0 2 2 2 0 0 2 2 0 0 2 2 0 0 0 2 2 0 2 0 2 2 2 2 2 2 0 2
split_gain=21047.6 30632.8 10846.2 2817.84 2696.99 2016.24 1870.3 17612.5 1763.03 1346.83 1345.43 583.47 397.782 645.682 366.814 381.098 186.097 152.745 363.822 141.542 138.768 138.161 94.2236 77.9445 68.7193 53.8055 18.3293 7.92814 3.05178 1.08607
threshold=1650.0000000000002 1750.0000000000002 1850.0000000000002 6.5000000000000009 8.5000000000000018 6.5000000000000009 1350.0000000000002 1250.0000000000002 1.5000000000000002 7.5000000000000009 1075.0000000000002 1175.0000000000002 2.5000000000000004 9.5000000000000018 2450.0000000000005 2250.0000000000005 1350.0000000000002 8.5000000000000018 7.5000000000000009 1500.0000000000002 5.5000000000000009 2050.0000000000005 2.5000000000000004 8.5000000000000018 7.5000000000000009 1.5000000000000002 7.5000000000000009 8.5000000000000018 1175.0000000000002 5.5000000000000009
decision_type=2 2 2 2 2 2 2 2 2 2 2 2 2 2 2 2 2 2 2 2 2 2 2 2 2 2 2 2 2 2
left_child=5 8 3 20 9 6 7 10 -2 14 25 -12 -10 -14 15 21 23 18 -5 -8 -3 -4 -17 26 -18 -1 -7 -26 -25 -13
right_child=1 2 4 17 -6 16 19 -9 12 -11 11 29 13 -15 -16 22 24 -19 -20 -21 -22 -23 -24 28 27 -27 -28 -29 -30 -31
leaf_value=-0.23066520446386096 0.2629222464359065 -0.16880946432642055 0.31799190536141397 0.03837027529494761 -0.068178134674912891 -0.14615639816312229 -0.10565472913482343 0.73559434816870894 0.56336106050721546 0.46634674121030706 0.047587470311139315 -0.081503283920098257 0.37486518893011245 0.51378767987369833 0.51959950978105718 0.21658751307563351 -0.108741148076691 0.032928815871477134 -0.044376547704520708 -0.15396346767113281 -0.1187731056499851 0.22425534934328317 0.046953595336526634 -0.19475142367474446 -0.14237203060734621 -0.30973122426075861 -0.17311869812056876 -0.15665614759906177 -0.2070390136697057 -0.08656600851932339
leaf_weight=39 127 204 60 221 58 102 277 71 98 90 98 146 157 179 10.999999999999998 10.999999999999998 143 300 333 335 432 114 32 77 201 48 165 188 147 386
leaf_count=39 127 204 60 221 58 102 277 71 98 90 98 146 157 179 11 11 143 300 333 335 432 114 32 77 201 48 165 188 147 386
internal_value=-0.00126458 0.102809 0.00541053 -0.055145 0.245378 -0.10551 -0.0665217 -0.0155917 0.426778 0.302567 -0.0899769 -0.0645244 0.474726 0.448874 0.237918 0.223639 -0.158867 0.00419331 -0.0113674 -0.132098 -0.134823 0.256578 0.0903483 -0.181065 -0.13838 -0.274288 -0.162818 -0.149275 -0.202815 -0.0851766
internal_weight=4850 2427 1866 1490 376 2423 1400 788 561 318 717 630 434 336 228 217 1023 854 554 612 636 174 43 491 532 87 267 389 224 532
internal_count=4850 2427 1866 1490 376 2423 1400 788 561 318 717 630 434 336 228 217 1023 854 554 612 636 174 43 491 532 87 267 389 224 532
is_linear=0
shrinkage=0.05


Tree=8
num_leaves=31
num_cat=0
split_feature=0 0 0 2 2 2 0 0 2 2 0 0 2 2 0 0 0 2 2 0 2 0 2 2 2 2 2 2 0 2
split_gain=18995.4 27646.1 9788.69 2543.11 2434.03 1819.66 1687.94 15895.3 1591.13 1215.52 1214.25 526.581 358.998 582.728 331.05 343.941 167.952 137.852 328.35 127.741 125.238 124.69 85.0368 70.3449 62.0192 48.5594 16.5422 7.15514 2.75424 0.980179
threshold=1650.0000000000002 1750.0000000000002 1850.0000000000002 6.5000000000000009 8.5000000000000018 6.5000000000000009 1350.0000000000002 1250.0000000000002 1.5000000000000002 7.5000000000000009 1075.0000000000002 1175.0000000000002 2.5000000000000004 9.5000000000000018 2450.0000000000005 2250.0000000000005 1350.0000000000002 8.5000000000000018 7.5000000000000009 1500.0000000000002 5.5000000000000009 2050.0000000000005 2.5000000000000004 8.5000000000000018 7.5000000000000009 1.5000000000000002 7.5000000000000009 8.5000000000000018 1175.0000000000002 5.5000000000000009
decision_type=2 2 2 2 2 2 2 2 2 2 2 2 2 2 2 2 2 2 2 2 2 2 2 2 2 2 2 2 2 2
left_child=5 8 3 20 9 6 7 10 -2 14 25 -12 -10 -14 15 21 23 18 -5 -8 -3 -4 -17 26 -18 -1 -7 -26 -25 -13
right_child=1 2 4 17 -6 16 19 -9 12 -11 11 29 13 -15 -16 22 24 -19 -20 -21 -22 -23 -24 28 27 -27 -28 -29 -30 -31
leaf_value=-0.21913194411840198 0.24977613406798505 -0.16036899242111868 0.30209230655183394 0.036451768122899991 -0.064769228477159449 -0.13884857688350238 -0.10037200380140238 0.698814617139353 0.5351929886299851 0.44302940377965572 0.045208097408924786 -0.077428117078052805 0.35612191665846454 0.48809830054703207 0.49361953735351566 0.20575814030387185 -0.10330408509377834 0.031282373038431011 -0.04215772602226104 -0.1462652992140224 -0.11283445123246767 0.21304257807828356 0.044605916831642389 -0.18501385007198756 -0.13525342920619013 -0.29424466000248989 -0.1644627608711634 -0.14882334002660233 -0.19668706687686802 -0.082237711155043983
leaf_weight=39 127 204 60 221 58 102 277 71 98 90 98 146 157 179 10.999999999999998 10.999999999999998 143 300 333 335 432 114 32 77 201 48 165 188 147 386
leaf_count=39 127 204 60 221 58 102 277 71 98 90 98 146 157 179 11 11 143 300 333 335 432 114 32 77 201 48 165 188 147 386
internal_value=-0.00120135 0.0976689 0.00514 -0.0523877 0.233109 -0.100235 -0.0631956 -0.0148121 0.405439 0.287439 -0.085478 -0.0612982 0.45099 0.426431 0.226022 0.212457 -0.150924 0.00398364 -0.0107991 -0.125493 -0.128081 0.243749 0.0858309 -0.172012 -0.131461 -0.260573 -0.154678 -0.141812 -0.192674 -0.0809178
internal_weight=4850 2427 1866 1490 376 2423 1400 788 561 318 717 630 434 336 228 217 1023 854 554 612 636 174 43 491 532 87 267 389 224 532
internal_count=4850 2427 1866 1490 376 2423 1400 788 561 318 717 630 434 336 228 217 1023 854 554 612 636 174 43 491 532 87 267 389 224 532
is_linear=0
shrinkage=0.05


Tree=9
num_leaves=31
num_cat=0
split_feature=0 0 0 2 2 2 0 0 2 2 0 0 2 2 0 0 0 2 2 0 2 0 2 2 2 2 2 2 0 2
split_gain=17143.4 24950.6 8834.29 2295.15 2196.71 1642.24 1523.37 14345.5 1436 1097 1095.86 475.24 323.996 525.912 298.772 310.407 151.577 124.412 296.336 115.287 113.027 112.533 76.7457 63.4863 55.9723 43.8249 14.9294 6.45752 2.48569 0.884612
threshold=1650.0000000000002 1750.0000000000002 1850.0000000000002 6.5000000000000009 8.5000000000000018 6.5000000000000009 1350.0000000000002 1250.0000000000002 1.5000000000000002 7.5000000000000009 1075.0000000000002 1175.0000000000002 2.5000000000000004 9.5000000000000018 2450.0000000000005 2250.0000000000005 1350.0000000000002 8.5000000000000018 7.5000000000000009 1500.0000000000002 5.5000000000000009 2050.0000000000005 2.5000000000000004 8.5000000000000018 7.5000000000000009 1.5000000000000002 7.5000000000000009 8.5000000000000018 1175.0000000000002 5.5000000000000009
decision_type=2 2 2 2 2 2 2 2 2 2 2 2 2 2 2 2 2 2 2 2 2 2 2 2 2 2 2 2 2 2
left_child=5 8 3 20 9 6 7 10 -2 14 25 -12 -10 -14 15 21 23 18 -5 -8 -3 -4 -17 26 -18 -1 -7 -26 -25 -13
right_child=1 2 4 17 -6 16 19 -9 12 -11 11 29 13 -15 -16 22 24 -19 -20 -21 -22 -23 -24 28 27 -27 -28 -29 -30 -31
leaf_value=-0.20817533762027055 0.23728732514803805 -0.15235055144511017 0.2869876960044106 0.034629171006212947 -0.061530777542241691 -0.13190614982855087 -0.095353397372807458 0.66387389046205603 0.50843334937259099 0.42087792855894401 0.04294769158776926 -0.073556709440093335 0.33831583196771847 0.46369338897603191 0.46893855766816578 0.19547023746100339 -0.098138882564966917 0.029718254009882612 -0.040049828906675002 -0.13895203670014197 -0.10719273210442798 0.20239045658524624 0.042375616531353445 -0.17576317076946235 -0.12849075775408181 -0.27953242197011913 -0.15623961990529842 -0.14138217287415519 -0.18685271984764509 -0.078125826225476105
leaf_weight=39 127 204 60 221 58 102 277 71 98 90 98 146 157 179 10.999999999999998 10.999999999999998 143 300 333 335 432 114 32 77 201 48 165 188 147 386
leaf_count=39 127 204 60 221 58 102 277 71 98 90 98 146 157 179 11 11 143 300 333 335 432 114 32 77 201 48 165 188 147 386
internal_value=-0.00114129 0.0927855 0.004883 -0.0497684 0.221454 -0.0952231 -0.0600358 -0.0140715 0.385167 0.273067 -0.0812041 -0.0582333 0.42844 0.405109 0.214721 0.201834 -0.143378 0.00378446 -0.0102591 -0.119219 -0.121677 0.231562 0.0815394 -0.163412 -0.124888 -0.247545 -0.146944 -0.134721 -0.183041 -0.0768719
internal_weight=4850 2427 1866 1490 376 2423 1400 788 561 318 717 630 434 336 228 217 1023 854 554 612 636 174 43 491 532 87 267 389 224 532
internal_count=4850 2427 1866 1490 376 2423 1400 788 561 318 717 630 434 336 228 217 1023 854 554 612 636 174 43 491 532 87 267 389 224 532
is_linear=0
shrinkage=0.05


Tree=10
num_leaves=30
num_cat=0
split_feature=0 0 0 0 2 2 0 0 0 2 0 2 2 2 2 0 2 2 2 0 0 2 0 2 2 2 2 2 2
split_gain=16429.6 24357.9 7367.75 2597.28 2217.61 2199.7 1372.51 1281.6 10683.7 1263.17 845.99 719.509 430.947 736.58 427.283 405.235 297.907 162.615 147.227 145.375 66.6198 62.3941 52.9707 50.5475 25.9944 8.75506 4.23863 0.478604 0.254384
threshold=1650.0000000000002 1750.0000000000002 1850.0000000000002 1950.0000000000002 6.5000000000000009 6.5000000000000009 2050.0000000000005 1350.0000000000002 1250.0000000000002 1.5000000000000002 1075.0000000000002 2.5000000000000004 7.5000000000000009 8.5000000000000018 9.5000000000000018 1175.0000000000002 7.5000000000000009 5.5000000000000009 1.5000000000000002 1175.0000000000002 1500.0000000000002 2.5000000000000004 1350.0000000000002 7.5000000000000009 5.5000000000000009 5.5000000000000009 8.5000000000000018 7.5000000000000009 8.5000000000000018
decision_type=2 2 2 2 2 2 2 2 2 2 2 2 2 2 2 2 2 2 2 2 2 2 2 2 2 2 2 2 2
left_child=5 9 4 16 25 7 -5 8 10 -2 18 -11 -6 -14 -13 -12 -4 21 -1 -7 -9 -8 23 -21 -17 -3 27 -24 -25
right_child=1 2 3 6 12 19 17 20 -10 11 15 14 13 -15 -16 24 -18 -19 -20 22 -22 -23 26 28 -26 -27 -28 -29 -30
leaf_value=-0.13609991602790661 0.23857351730863052 -0.12407580168063265 0.28273313745278222 -0.13595071356667549 0.067457863113943584 -0.21130098222837421 0.30031793539722762 -0.086898521180229643 0.6156868789167631 0.53950337680037497 0.048682210989075131 0.32670971695219447 -0.063791841769640423 0.044157788476503985 0.43890816887872203 -0.043295084276272877 0.4293650523304593 0.07952756174775058 -0.26628923069457622 -0.18474117462496156 -0.12034811988561112 0.1806488834211003 -0.12997302757688317 -0.14584654483670259 -0.067684078139272782 -0.11137749929541507 -0.1369927219970494 -0.12640627109647348 -0.14303628692732137
leaf_weight=39 124 194 58 49 222 79 11.999999999999998 266 63 97 101 163 339 296 177 154 86 43 49 103 338 118 166 170 376 452 196 217 153
leaf_count=39 124 194 58 49 222 79 12 266 63 97 101 163 339 296 177 154 86 43 49 103 338 118 166 170 376 452 196 217 153
internal_value=-0.00182667 0.0904796 0.00375066 0.204925 -0.0452378 -0.0926381 0.0976508 -0.0509092 -0.00865415 0.379421 -0.06336 0.419387 0.00749232 -0.013472 0.385119 -0.0431058 0.370305 0.163815 -0.208592 -0.145992 -0.105617 0.191695 -0.140859 -0.154241 -0.0605975 -0.115191 -0.131013 -0.127952 -0.144515
internal_weight=4900 2430 1869 366 1503 2470 222 1386 782 561 719 437 857 635 340 631 144 173 88 1084 604 130 1005 426 530 646 579 383 323
internal_count=4900 2430 1869 366 1503 2470 222 1386 782 561 719 437 857 635 340 631 144 173 88 1084 604 130 1005 426 530 646 579 383 323
is_linear=0
shrinkage=0.05


Tree=11
num_leaves=30
num_cat=0
split_feature=0 0 0 0 2 2 0 0 0 2 0 2 2 2 2 0 2 2 2 0 0 2 0 2 2 2 2 2 2
split_gain=14827.7 21983 6649.39 2344.04 2001.39 1985.23 1238.69 1156.64 9642.05 1140.02 763.506 649.357 388.929 664.764 385.623 365.724 268.861 146.76 132.873 131.201 60.1243 56.3107 47.806 45.6191 23.46 7.90145 3.82537 0.431941 0.229578
threshold=1650.0000000000002 1750.0000000000002 1850.0000000000002 1950.0000000000002 6.5000000000000009 6.5000000000000009 2050.0000000000005 1350.0000000000002 1250.0000000000002 1.5000000000000002 1075.0000000000002 2.5000000000000004 7.5000000000000009 8.5000000000000018 9.5000000000000018 1175.0000000000002 7.5000000000000009 5.5000000000000009 1.5000000000000002 1175.0000000000002 1500.0000000000002 2.5000000000000004 1350.0000000000002 7.5000000000000009 5.5000000000000009 5.5000000000000009 8.5000000000000018 7.5000000000000009 8.5000000000000018
decision_type=2 2 2 2 2 2 2 2 2 2 2 2 2 2 2 2 2 2 2 2 2 2 2 2 2 2 2 2 2
left_child=5 9 4 16 25 7 -5 8 10 -2 18 -11 -6 -14 -13 -12 -4 21 -1 -7 -9 -8 23 -21 -17 -3 27 -24 -25
right_child=1 2 3 6 12 19 17 20 -10 11 15 14 13 -15 -16 24 -18 -19 -20 22 -22 -23 26 28 -26 -27 -28 -29 -30
leaf_value=-0.12929491535402263 0.22664484545708663 -0.11787201797724078 0.26859647817909721 -0.12915317921766215 0.064084973972425005 -0.20073595058314408 0.28530203998088838 -0.082553611421271378 0.58490256213597835 0.51252818574802472 0.046248100507119215 0.31037423081490345 -0.060602249235881825 0.041949915837471347 0.4169627651159184 -0.04113033003137484 0.40789679255509798 0.075551184370767244 -0.25297476072624631 -0.17550410581481402 -0.11433071650663865 0.17161644171781332 -0.12347438231290105 -0.13855421015883193 -0.06429987407953261 -0.10580862241764183 -0.13014309470203148 -0.12008595745409689 -0.13588448576142195
leaf_weight=39 124 194 58 49 222 79 11.999999999999998 266 63 97 101 163 339 296 177 154 86 43 49 103 338 118 166 170 376 452 196 217 153
leaf_count=39 124 194 58 49 222 79 12 266 63 97 101 163 339 296 177 154 86 43 49 103 338 118 166 170 376 452 196 217 153
internal_value=-0.00173534 0.0859556 0.00356313 0.194678 -0.0429759 -0.0880062 0.0927683 -0.0483638 -0.00822144 0.36045 -0.060192 0.398418 0.00711771 -0.0127984 0.365863 -0.0409505 0.35179 0.155625 -0.198162 -0.138693 -0.100336 0.18211 -0.133816 -0.146529 -0.0575676 -0.109431 -0.124462 -0.121555 -0.13729
internal_weight=4900 2430 1869 366 1503 2470 222 1386 782 561 719 437 857 635 340 631 144 173 88 1084 604 130 1005 426 530 646 579 383 323
internal_count=4900 2430 1869 366 1503 2470 222 1386 782 561 719 437 857 635 340 631 144 173 88 1084 604 130 1005 426 530 646 579 383 323
is_linear=0
shrinkage=0.05


Tree=12
num_leaves=30
num_cat=0
split_feature=0 0 0 0 2 2 0 0 0 2 0 2 2 2 2 0 2 2 2 0 0 2 0 2 2 2 2 2 2
split_gain=13382 19839.7 6001.08 2115.5 1806.26 1791.67 1117.92 1043.87 8701.95 1028.86 689.064 586.045 351.009 599.949 348.025 330.066 242.647 132.451 119.918 118.409 54.2622 50.8204 43.1449 41.1712 21.1726 7.13105 3.45239 0.389827 0.207196
threshold=1650.0000000000002 1750.0000000000002 1850.0000000000002 1950.0000000000002 6.5000000000000009 6.5000000000000009 2050.0000000000005 1350.0000000000002 1250.0000000000002 1.5000000000000002 1075.0000000000002 2.5000000000000004 7.5000000000000009 8.5000000000000018 9.5000000000000018 1175.0000000000002 7.5000000000000009 5.5000000000000009 1.5000000000000002 1175.0000000000002 1500.0000000000002 2.5000000000000004 1350.0000000000002 7.5000000000000009 5.5000000000000009 5.5000000000000009 8.5000000000000018 7.5000000000000009 8.5000000000000018
decision_type=2 2 2 2 2 2 2 2 2 2 2 2 2 2 2 2 2 2 2 2 2 2 2 2 2 2 2 2 2
left_child=5 9 4 16 25 7 -5 8 10 -2 18 -11 -6 -14 -13 -12 -4 21 -1 -7 -9 -8 23 -21 -17 -3 27 -24 -25
right_child=1 2 3 6 12 19 17 20 -10 11 15 14 13 -15 -16 24 -18 -19 -20 22 -22 -23 26 28 -26 -27 -28 -29 -30
leaf_value=-0.12283016313345006 0.21531260124625518 -0.11197841397976292 0.25516665618995144 -0.12269552093075248 0.060880721175019539 -0.19069913723800758 0.27103693087895714 -0.078425935070429539 0.5556574111656537 0.48690178302145504 0.043935698008920887 0.29485551840482865 -0.057572140708389889 0.039852417538546632 0.3961146408894578 -0.039073816210321799 0.38750195429162232 0.071773622202318768 -0.2403260269031233 -0.16672889949048608 -0.10861417624146055 0.16303562009233541 -0.11730066332320897 -0.13162650068728801 -0.061084882255663421 -0.1005181968838504 -0.12363593150975601 -0.11408165882809372 -0.1290902531565794
leaf_weight=39 124 194 58 49 222 79 11.999999999999998 266 63 97 101 163 339 296 177 154 86 43 49 103 338 118 166 170 376 452 196 217 153
leaf_count=39 124 194 58 49 222 79 12 266 63 97 101 163 339 296 177 154 86 43 49 103 338 118 166 170 376 452 196 217 153
internal_value=-0.00164857 0.0816578 0.00338497 0.184944 -0.0408271 -0.0836059 0.0881299 -0.0459456 -0.00781037 0.342428 -0.0571824 0.378497 0.00676182 -0.0121585 0.34757 -0.038903 0.3342 0.147843 -0.188254 -0.131758 -0.0953194 0.173005 -0.127125 -0.139203 -0.0546892 -0.10396 -0.118239 -0.115477 -0.130425
internal_weight=4900 2430 1869 366 1503 2470 222 1386 782 561 719 437 857 635 340 631 144 173 88 1084 604 130 1005 426 530 646 579 383 323
internal_count=4900 2430 1869 366 1503 2470 222 1386 782 561 719 437 857 635 340 631 144 173 88 1084 604 130 1005 426 530 646 579 383 323
is_linear=0
shrinkage=0.05


Tree=13
num_leaves=30
num_cat=0
split_feature=0 0 0 0 2 2 0 0 0 2 0 2 2 2 2 0 2 2 2 0 0 2 0 2 2 2 2 2 2
split_gain=12077.3 17905.3 5415.97 1909.24 1630.15 1616.98 1008.92 942.091 7853.51 928.549 621.88 528.905 316.786 541.454 314.092 297.885 218.989 119.537 108.226 106.864 48.9716 45.8654 38.9383 37.157 19.1083 6.43576 3.11579 0.351818 0.186995
threshold=1650.0000000000002 1750.0000000000002 1850.0000000000002 1950.0000000000002 6.5000000000000009 6.5000000000000009 2050.0000000000005 1350.0000000000002 1250.0000000000002 1.5000000000000002 1075.0000000000002 2.5000000000000004 7.5000000000000009 8.5000000000000018 9.5000000000000018 1175.0000000000002 7.5000000000000009 5.5000000000000009 1.5000000000000002 1175.0000000000002 1500.0000000000002 2.5000000000000004 1350.0000000000002 7.5000000000000009 5.5000000000000009 5.5000000000000009 8.5000000000000018 7.5000000000000009 8.5000000000000018
decision_type=2 2 2 2 2 2 2 2 2 2 2 2 2 2 2 2 2 2 2 2 2 2 2 2 2 2 2 2 2
left_child=5 9 4 16 25 7 -5 8 10 -2 18 -11 -6 -14 -13 -12 -4 21 -1 -7 -9 -8 23 -21 -17 -3 27 -24 -25
right_child=1 2 3 6 12 19 17 20 -10 11 15 14 13 -15 -16 24 -18 -19 -20 22 -22 -23 26 28 -26 -27 -28 -29 -30
leaf_value=-0.11668865730365117 0.20454697270066508 -0.10637948930878001 0.24240832554882974 -0.11656074064726732 0.057836689950629808 -0.18116419279499898 0.25748508771260581 -0.074504628214508969 0.52787456058911864 0.4625566985995806 0.041738910759144494 0.28011274045573237 -0.054693546753849256 0.037859797842621279 0.37630889621158103 -0.037120126218039111 0.36812685585125937 0.068184941920430162 -0.22830972975614122 -0.15839245841630456 -0.10318347169637417 0.15488384260117249 -0.11143562346872178 -0.12504518206505216 -0.058030639783890448 -0.095492291655721137 -0.11745413560800406 -0.1083775718863796 -0.12263574502826516
leaf_weight=39 124 194 58 49 222 79 11.999999999999998 266 63 97 101 163 339 296 177 154 86 43 49 103 338 118 166 170 376 452 196 217 153
leaf_count=39 124 194 58 49 222 79 12 266 63 97 101 163 339 296 177 154 86 43 49 103 338 118 166 170 376 452 196 217 153
internal_value=-0.00156615 0.0775749 0.00321572 0.175697 -0.0387858 -0.0794256 0.0837234 -0.0436483 -0.00741986 0.325306 -0.0543233 0.359572 0.00642373 -0.0115506 0.330191 -0.0369578 0.31749 0.140451 -0.178841 -0.12517 -0.0905534 0.164355 -0.120769 -0.132243 -0.0519548 -0.0987618 -0.112327 -0.109703 -0.123904
internal_weight=4900 2430 1869 366 1503 2470 222 1386 782 561 719 437 857 635 340 631 144 173 88 1084 604 130 1005 426 530 646 579 383 323
internal_count=4900 2430 1869 366 1503 2470 222 1386 782 561 719 437 857 635 340 631 144 173 88 1084 604 130 1005 426 530 646 579 383 323
is_linear=0
shrinkage=0.05


end of trees

feature_importances:
jyo_cd=238
distance_m=173

parameters:
[boosting: gbdt]
[objective: regression]
[metric: l1]
[tree_learner: serial]
[device_type: cpu]
[data_sample_strategy: bagging]
[data: ]
[valid: ]
[num_iterations: 500]
[learning_rate: 0.05]
[num_leaves: 31]
[num_threads: 0]
[seed: 42]
[deterministic: 0]
[force_col_wise: 0]
[force_row_wise: 0]
[histogram_pool_size: -1]
[max_depth: -1]
[min_data_in_leaf: 10]
[min_sum_hessian_in_leaf: 0.001]
[bagging_fraction: 0.8]
[pos_bagging_fraction: 1]
[neg_bagging_fraction: 1]
[bagging_freq: 5]
[bagging_seed: 400]
[bagging_by_query: 0]
[feature_fraction: 0.8]
[feature_fraction_bynode: 1]
[feature_fraction_seed: 30056]
[extra_trees: 0]
[extra_seed: 12879]
[early_stopping_round: 0]
[early_stopping_min_delta: 0]
[first_metric_only: 0]
[max_delta_step: 0]
[lambda_l1: 0]
[lambda_l2: 0]
[linear_lambda: 0]
[min_gain_to_split: 0]
[drop_rate: 0.1]
[max_drop: 50]
[skip_drop: 0.5]
[xgboost_dart_mode: 0]
[uniform_drop: 0]
[drop_seed: 17869]
[top_rate: 0.2]
[other_rate: 0.1]
[min_data_per_group: 100]
[max_cat_threshold: 32]
[cat_l2: 10]
[cat_smooth: 10]
[max_cat_to_onehot: 4]
[top_k: 20]
[monotone_constraints: ]
[monotone_constraints_method: basic]
[monotone_penalty: 0]
[feature_contri: ]
[forcedsplits_filename: ]
[refit_decay_rate: 0.9]
[cegb_tradeoff: 1]
[cegb_penalty_split: 0]
[cegb_penalty_feature_lazy: ]
[cegb_penalty_feature_coupled: ]
[path_smooth: 0]
[interaction_constraints: ]
[verbosity: -1]
[saved_feature_importance_type: 0]
[use_quantized_grad: 0]
[num_grad_quant_bins: 4]
[quant_train_renew_leaf: 0]
[stochastic_rounding: 1]
[linear_tree: 0]
[max_bin: 255]
[max_bin_by_feature: ]
[min_data_in_bin: 3]
[bin_construct_sample_cnt: 200000]
[data_random_seed: 175]
[is_enable_sparse: 1]
[enable_bundle: 1]
[use_missing: 1]
[zero_as_missing: 0]
[feature_pre_filter: 1]
[pre_partition: 0]
[two_round: 0]
[header: 0]
[label_column: ]
[weight_column: ]
[group_column: ]
[ignore_column: ]
[categorical_feature: ]
[forcedbins_filename: ]
[precise_float_parser: 0]
[parser_config_file: ]
[objective_seed: 16083]
[num_class: 1]
[is_unbalance: 0]
[scale_pos_weight: 1]
[sigmoid: 1]
[boost_from_average: 1]
[reg_sqrt: 0]
[alpha: 0.9]
[fair_c: 1]
[poisson_max_delta_step: 0.7]
[tweedie_variance_power: 1.5]
[lambdarank_truncation_level: 30]
[lambdarank_norm: 1]
[label_gain: ]
[lambdarank_position_bias_regularization: 0]
[eval_at: ]
[multi_error_top_k: 1]
[auc_mu_weights: ]
[num_machines: 1]
[local_listen_port: 12400]
[time_out: 120]
[machine_list_filename: ]
[machines: ]
[gpu_platform_id: -1]
[gpu_device_id: -1]
[gpu_use_dp: 0]
[num_gpu: 1]

end of parameters

pandas_categorical:null
